45615316
1561061
440
02
40461524
099
6
058449670
1
15594
27
8403908
768814560
7979953
790139
60180522
55017
38317045
771
9332241
004379
8639200
19668
4446
973
298
5594863
752052
7
74675
833675848
72718555
903224
93194160
935984221
9530
22138
0
3688
681
8516867
12092662
056159
3409733
699222856
9526017
8
30717960
5
98
4
50
8704020336
2
408372940
6
774423
088319724
1
52
290
7
9
4955545116
38711543
50
532153298
146795
018802208
9211791481
5945
140
6
2498396477
66
06334515
2643292
4781148
23
45845261
3044
7673132156
2
7519
49349499
137
592
37
868500
522944
9285719
615443870
3237591
026511087
563233
04896782
70
1
0140
0068730
9984354644
939024410
40850
8003
679326052
8578298920
6
40845
0178437908
911
7153205
7594188
6603
57928
6031507004
032815451
5
9831056
74696
965254415
708189
308849
1495
53896665
1
0681894
2957949648
7717
370270148
5035404834
146676646
9
7726093544
5354
54251
5607
96670
46440869
20069
2079275
37
5244493207
42032
35885096
1
2428997260
230
8281
957648
82522071
2
85021253
1623263022
91647
3
730808
9105
67
7770203
6414
206
68
33941242
504139
600922805
358
664594
16447529
87
739754916
473675
8329337856
6062
20933121
9117753
160589950
3771695
8259047
65735431
76659
561037
20802779
639916193
29681684
405548
7938993755
232579
8460698
1
7779
86098166
87987
40
635
6753845625
42797
5296544820
9488
43074
89
819172513
8147
