41
92
93
78
10
49
65
89
73
24
46
40
81
95
66
95
68
66
15
49
63
65
19
78
79
26
16
92
73
13
34
58
52
55
27
86
92
94
37
95
52
86
83
78
92
63
94
70
58
14
86
36
62
60
36
48
90
35
26
91
36
50
12
93
98
61
83
32
45
36
52
53
77
83
25
49
83
33
63
99
35
69
46
44
54
61
91
91
88
95
79
34
95
86
20
47
33
21
78
81
28
87
99
25
54
48
45
39
88
95
38
83
70
95
51
13
40
91
99
27
69
56
48
46
39
68
14
79
26
62
43
49
80
33
68
83
58
79
24
28
40
34
82
77
18
62
21
19
52
12
17
63
13
20
33
19
54
85
64
78
54
80
53
43
15
50
64
20
60
11
52
81
38
22
84
27
95
99
40
45
75
99
72
99
45
69
25
49
24
48
90
35
39
61
74
85
24
15
85
36
