12345  
67890
12345  
56789  
23456  
67890  
34567  
78901  
45678  
89012  
56789  
90123  
67890  
12345  
78901  
23456  
89012  
34567  
90123  
45678  
12345  
67890  
23456  
78901  
34567  
89012  
45678  
90123  
56789  
12345  
67890  
23456  
78901  
34567  
89012  
45678  
90123  
56789  
67890  
78901  
89012  
90123  
12345  
23456  
34567  
45678  
56789  
67890  
78901  
89012  
90123  
12345  
23456  
34567  
45678  
56789  
67890  
78901  
89012  
90123  
12345  
23456  
34567  
45678  
56789  
67890  
78901  
89012  
90123  
12345  
23456  
34567  
45678  
56789  
67890  
78901  
89012  
90123  
12345  
23456  
34567  
45678  
56789  
67890  
78901  
89012  
90123  
12345  
23456  
34567  
45678  
56789  
67890  
78901  
89012  
90123  
12345  
23456  
