250.03 150.13
250.98 150.14
250.29 150.98
250.76 150.63
250.23 150.57
250.48 150.14
250.95 150.46
250.76 150.36
250.02 150.85
250.74 150.76
250.68 150.29
250.32 150.6
250.97 150.5
250.02 150.86
250.87 150.17
250.42 150.49
250.69 150.71
250.04 150.11
250.39 150.58
250.8 150.62
250.02 150.31
250.22 150.12
250.3 150.57
250.8 150.86
250.93 150.63
250.01 150.97
250.13 150.66
250.05 150.0
250.12 150.29
250.86 150.59
250.1 150.2
250.64 150.67
250.52 150.42
250.51 150.27
250.32 150.53
250.62 150.89
250.2 150.77
250.79 150.08
250.8 150.84
250.09 150.26
250.4 150.81
250.06 150.01
250.03 150.69
250.17 150.76
250.63 150.69
250.93 150.22
250.14 150.36
250.65 150.43
250.11 150.65
250.03 150.69
250.2 150.69
250.11 150.67
250.98 150.44
250.77 150.97
250.06 150.0
250.73 150.75
250.0 150.59
250.57 150.06
250.66 150.28
250.21 150.81
250.76 150.67
250.85 150.55
250.92 150.67
250.4 150.48
250.55 150.99
250.82 150.43
250.51 150.94
250.58 150.84
250.49 150.31
250.83 150.33
250.16 150.68
250.66 150.44
250.43 150.38
250.86 150.13
250.26 150.02
250.47 150.48
250.85 150.57
250.43 150.04
250.03 150.49
251.0 150.46
250.73 150.92
250.89 150.72
250.34 150.14
250.49 150.91
250.13 150.16
250.0 150.01
250.02 150.92
250.39 150.88
250.89 150.67
250.2 150.29
250.4 150.3
250.75 150.49
250.75 150.47
250.01 150.69
250.17 150.26
250.6 150.55
250.82 150.7
250.39 150.43
250.93 150.27
250.3 150.19
