509.0 322.0
499.0 291.0
483.0 296.0
501.0 278.0
486.0 319.0
489.0 300.0
510.0 318.0
503.0 317.0
513.0 276.0
495.0 279.0
515.0 276.0
497.0 313.0
483.0 275.0
505.0 298.0
514.0 279.0
492.0 323.0
506.0 316.0
503.0 280.0
500.0 316.0
516.0 314.0
491.0 287.0
479.0 306.0
511.0 308.0
502.0 279.0
511.0 310.0
496.0 280.0
488.0 292.0
489.0 293.0
501.0 307.0
478.0 300.0
485.0 278.0
519.0 287.0
493.0 302.0
504.0 278.0
507.0 322.0
510.0 315.0
495.0 319.0
494.0 313.0
520.0 294.0
479.0 278.0
518.0 315.0
487.0 292.0
482.0 306.0
500.0 306.0
512.0 314.0
502.0 285.0
510.0 289.0
506.0 300.0
516.0 290.0
485.0 289.0
479.0 302.0
486.0 288.0
514.0 320.0
524.0 299.0
494.0 320.0
524.0 319.0
493.0 310.0
485.0 280.0
505.0 294.0
505.0 317.0
516.0 284.0
524.0 304.0
503.0 301.0
476.0 282.0
513.0 321.0
513.0 296.0
485.0 315.0
490.0 286.0
515.0 291.0
518.0 284.0
478.0 288.0
499.0 279.0
516.0 314.0
483.0 303.0
498.0 281.0
506.0 302.0
482.0 286.0
475.0 287.0
513.0 312.0
478.0 318.0
482.0 287.0
524.0 314.0
492.0 324.0
494.0 324.0
494.0 297.0
475.0 302.0
493.0 324.0
500.0 283.0
505.0 314.0
483.0 289.0
503.0 296.0
495.0 319.0
485.0 283.0
483.0 287.0
512.0 320.0
484.0 294.0
477.0 280.0
478.0 322.0
499.0 289.0
487.0 290.0
