222.0 241.0
884.0 91.0
370.0 381.0
805.0 477.0
65.0 175.0
227.0 426.0
874.0 117.0
220.0 336.0
232.0 175.0
73.0 30.0
750.0 25.0
721.0 543.0
587.0 265.0
954.0 418.0
969.0 415.0
66.0 491.0
631.0 124.0
331.0 50.0
198.0 328.0
453.0 158.0
120.0 252.0
230.0 37.0
476.0 585.0
396.0 330.0
742.0 171.0
155.0 28.0
284.0 213.0
122.0 303.0
564.0 354.0
616.0 338.0
649.0 149.0
876.0 28.0
140.0 22.0
418.0 147.0
294.0 474.0
201.0 355.0
19.0 525.0
353.0 511.0
683.0 551.0
178.0 135.0
419.0 256.0
799.0 54.0
592.0 169.0
754.0 350.0
779.0 57.0
49.0 90.0
688.0 256.0
294.0 8.0
929.0 20.0
356.0 250.0
222.0 241.0
884.0 91.0
370.0 381.0
805.0 477.0
65.0 175.0
227.0 426.0
874.0 117.0
220.0 336.0
232.0 175.0
73.0 30.0
750.0 25.0
721.0 543.0
587.0 265.0
954.0 418.0
969.0 415.0
66.0 491.0
631.0 124.0
331.0 50.0
198.0 328.0
453.0 158.0
120.0 252.0
230.0 37.0
476.0 585.0
396.0 330.0
742.0 171.0
155.0 28.0
284.0 213.0
122.0 303.0
564.0 354.0
616.0 338.0
649.0 149.0
876.0 28.0
140.0 22.0
418.0 147.0
294.0 474.0
201.0 355.0
19.0 525.0
353.0 511.0
683.0 551.0
178.0 135.0
419.0 256.0
799.0 54.0
592.0 169.0
754.0 350.0
779.0 57.0
49.0 90.0
688.0 256.0
294.0 8.0
929.0 20.0
356.0 250.0
