700.00 306.25
700.00 312.50
700.00 318.75
700.00 325.00
700.00 331.25
700.00 337.50
700.00 343.75
700.00 350.00
700.00 356.25
700.00 362.50
700.00 368.75
700.00 375.00
700.00 381.25
700.00 387.50
700.00 393.75
700.00 400.00
700.00 406.25
700.00 412.50
700.00 418.75
700.00 425.00
700.00 431.25
700.00 437.50
700.00 443.75
700.00 450.00
700.00 456.25
700.00 462.50
700.00 468.75
700.00 475.00
700.00 481.25
700.00 487.50
700.00 493.75
700.00 500.00
696.88 496.88
693.75 493.75
690.62 490.62
687.50 487.50
684.38 484.38
681.25 481.25
678.12 478.12
675.00 475.00
671.88 471.88
668.75 468.75
665.62 465.62
662.50 462.50
659.38 459.38
656.25 456.25
653.12 453.12
650.00 450.00
646.88 446.88
643.75 443.75
640.62 440.62
637.50 437.50
634.38 434.38
631.25 431.25
628.12 428.12
625.00 425.00
621.88 421.88
618.75 418.75
615.62 415.62
612.50 412.50
609.38 409.38
606.25 406.25
603.12 403.12
600.00 400.00
603.12 396.88
606.25 393.75
609.38 390.62
612.50 387.50
615.62 384.38
618.75 381.25
621.88 378.12
625.00 375.00
628.12 371.88
631.25 368.75
634.38 365.62
637.50 362.50
640.62 359.38
643.75 356.25
646.88 353.12
650.00 350.00
653.12 346.88
656.25 343.75
659.38 340.62
662.50 337.50
665.62 334.38
668.75 331.25
671.88 328.12
675.00 325.00
678.12 321.88
681.25 318.75
684.38 315.62
687.50 312.50
690.62 309.38
693.75 306.25
696.88 303.12
700.00 300.00
