-285.0 -598.0
-184.0 -557.0
-938.0 -119.0
-639.0 -175.0
-408.0 -198.0
-841.0 -333.0
-746.0 -593.0
-613.0 -57.0
-197.0 -481.0
-91.0 -179.0
-644.0 -510.0
-331.0 -288.0
-547.0 -477.0
-959.0 -350.0
-453.0 -225.0
-568.0 -407.0
-105.0 -292.0
-990.0 -239.0
-575.0 -80.0
-706.0 -507.0
-937.0 -71.0
-765.0 -80.0
-684.0 -403.0
-28.0 -277.0
-478.0 -379.0
-115.0 -583.0
-945.0 -474.0
-149.0 -63.0
-53.0 -117.0
-454.0 -241.0
-644.0 -385.0
-776.0 -548.0
-135.0 -335.0
-873.0 -145.0
-383.0 -174.0
-638.0 -354.0
-565.0 -163.0
-569.0 -56.0
-658.0 -246.0
-973.0 -585.0
-490.0 -20.0
-474.0 -476.0
-235.0 -557.0
-412.0 -218.0
-693.0 -162.0
-638.0 -83.0
-113.0 -77.0
-508.0 -74.0
-955.0 -300.0
-742.0 -158.0
-876.0 -571.0
-568.0 -70.0
-200.0 -149.0
-830.0 -585.0
-55.0 -311.0
-469.0 -567.0
-31.0 -225.0
-485.0 -559.0
-14.0 -42.0
-154.0 -349.0
-973.0 -182.0
-482.0 -71.0
-408.0 -215.0
-857.0 -221.0
-625.0 -374.0
-391.0 -324.0
-117.0 -588.0
-644.0 -149.0
-663.0 -257.0
-378.0 -518.0
-744.0 -376.0
-24.0 -484.0
-592.0 -453.0
-895.0 -51.0
-597.0 -204.0
-652.0 -277.0
-130.0 -128.0
-270.0 -434.0
-700.0 -108.0
-418.0 -482.0
-78.0 -233.0
-619.0 -476.0
-500.0 -117.0
-957.0 -474.0
-988.0 -276.0
-192.0 -140.0
-256.0 -494.0
-593.0 -101.0
-576.0 -469.0
-900.0 -357.0
-125.0 -152.0
-94.0 -508.0
-384.0 -73.0
-783.0 -16.0
-793.0 -32.0
-245.0 -556.0
-20.0 -434.0
-779.0 -13.0
-901.0 -442.0
-824.0 -457.0
