465.0 0.0
729.0 6.0
450.0 12.0
907.0 18.0
333.0 24.0
456.0 30.0
155.0 36.0
188.0 42.0
992.0 48.0
781.0 54.0
356.0 60.0
201.0 66.0
771.0 72.0
153.0 78.0
47.0 84.0
26.0 90.0
352.0 96.0
729.0 102.0
503.0 108.0
123.0 114.0
944.0 120.0
237.0 126.0
545.0 132.0
48.0 138.0
959.0 144.0
89.0 150.0
211.0 156.0
417.0 162.0
561.0 168.0
541.0 174.0
298.0 180.0
118.0 186.0
520.0 192.0
282.0 198.0
439.0 204.0
16.0 210.0
237.0 216.0
980.0 222.0
273.0 228.0
129.0 234.0
612.0 240.0
567.0 246.0
702.0 252.0
97.0 258.0
772.0 264.0
159.0 270.0
90.0 276.0
302.0 282.0
875.0 288.0
592.0 294.0
267.0 300.0
607.0 306.0
681.0 312.0
526.0 318.0
307.0 324.0
397.0 330.0
459.0 336.0
554.0 342.0
332.0 348.0
887.0 354.0
392.0 360.0
194.0 366.0
18.0 372.0
120.0 378.0
880.0 384.0
516.0 390.0
897.0 396.0
815.0 402.0
303.0 408.0
863.0 414.0
144.0 420.0
227.0 426.0
833.0 432.0
285.0 438.0
261.0 444.0
289.0 450.0
200.0 456.0
185.0 462.0
528.0 468.0
323.0 474.0
921.0 480.0
281.0 486.0
212.0 492.0
847.0 498.0
197.0 504.0
488.0 510.0
744.0 516.0
953.0 522.0
907.0 528.0
947.0 534.0
483.0 540.0
382.0 546.0
803.0 552.0
597.0 558.0
342.0 564.0
86.0 570.0
581.0 576.0
274.0 582.0
675.0 588.0
933.0 594.0
