0.0 197.0
10.0 555.0
20.0 527.0
30.0 448.0
40.0 290.0
50.0 377.0
60.0 579.0
70.0 254.0
80.0 444.0
90.0 589.0
100.0 278.0
110.0 580.0
120.0 264.0
130.0 218.0
140.0 477.0
150.0 142.0
160.0 301.0
170.0 95.0
180.0 111.0
190.0 109.0
200.0 362.0
210.0 3.0
220.0 20.0
230.0 390.0
240.0 323.0
250.0 520.0
260.0 541.0
270.0 476.0
280.0 466.0
290.0 521.0
300.0 110.0
310.0 138.0
320.0 105.0
330.0 88.0
340.0 128.0
350.0 257.0
360.0 470.0
370.0 384.0
380.0 76.0
390.0 346.0
400.0 0.0
410.0 164.0
420.0 90.0
430.0 177.0
440.0 502.0
450.0 171.0
460.0 495.0
470.0 455.0
480.0 583.0
490.0 233.0
500.0 517.0
510.0 114.0
520.0 316.0
530.0 395.0
540.0 276.0
550.0 395.0
560.0 73.0
570.0 598.0
580.0 30.0
590.0 483.0
600.0 10.0
610.0 460.0
620.0 528.0
630.0 491.0
640.0 26.0
650.0 420.0
660.0 165.0
670.0 567.0
680.0 231.0
690.0 133.0
700.0 293.0
710.0 6.0
720.0 570.0
730.0 527.0
740.0 418.0
750.0 296.0
760.0 18.0
770.0 486.0
780.0 355.0
790.0 300.0
800.0 360.0
810.0 347.0
820.0 233.0
830.0 477.0
840.0 381.0
850.0 329.0
860.0 79.0
870.0 9.0
880.0 479.0
890.0 273.0
900.0 150.0
910.0 414.0
920.0 410.0
930.0 203.0
940.0 30.0
950.0 401.0
960.0 196.0
970.0 593.0
980.0 1.0
990.0 100.0
